SCD 1                   
1 22490U 93009B   26186.19029791  .00000520  00000+0  91121-4 0  9993
2 22490  24.9693  96.4151 0041717 328.7997 165.1767 14.46126470763726
TECHSAT 1B (GO-32)      
1 25397U 98043D   26186.46803397  .00000082  00000+0  55820-4 0  9996
2 25397  99.0076 179.6883 0001883 130.3325 229.8018 14.24432096453937
SCD 2                   
1 25504U 98060A   26186.45911605  .00000437  00000+0  71151-4 0  9995
2 25504  24.9963 319.4792 0016613 316.9308  95.0772 14.45532986462978
DLR-TUBSAT              
1 25757U 99029B   26186.41153913  .00000140  00000+0  46321-4 0  9999
2 25757  98.6703 182.5158 0013109 297.1527  62.8330 14.52431865435898
TERRA                   
1 25994U 99068A   26186.59504328  .00000519  00000+0  11457-3 0  9995
2 25994  97.9445 235.4105 0002932 142.1275  18.2573 14.61118865412292
MAROC-TUBSAT            
1 27004U 01056D   26186.46830711 -.00000024  00000+0  25505-4 0  9995
2 27004  99.8093   3.6731 0020627  96.0254 291.0008 13.70263184228698
AQUA                    
1 27424U 02022A   26186.41103284  .00001072  00000+0  22270-3 0  9996
2 27424  98.4287 156.0591 0000703  91.7150  59.5464 14.62187973285937
SHIYAN-1 (SY-1)         
1 28220U 04012A   26186.18749226  .00024519  00000+0  74018-3 0  9996
2 28220  97.8683 265.4306 0004258 321.9447  38.1493 15.34258948213858
AURA                    
1 28376U 04026A   26186.40473666  .00001077  00000+0  22761-3 0  9992
2 28376  98.3425 143.0098 0001194  88.5217 271.6120 14.61358719168874
IRS-P5 (CARTOSAT-1)     
1 28649U 05017A   26186.53285697  .00001860  00000+0  19295-3 0  9993
2 28649  97.5304 208.7649 0001937  58.7320 301.4088 14.91101058146555
SINAH 1                 
1 28893U 05043D   26186.36901743  .00000491  00000+0  10257-3 0  9999
2 28893  98.2883 320.8002 0013716 215.0770 144.9530 14.64171294103183
RESURS-DK 1             
1 29228U 06021A   26186.34553578  .00002955  00000+0  17161-3 0  9994
2 29228  69.9334 292.5473 0006699 282.2262  77.8154 15.13295823105327
ARIRANG-2 (KOMPSAT-2)   
1 29268U 06031A   26186.67127583  .00000274  00000+0  59977-4 0  9992
2 29268  97.8310  10.2233 0015057  20.4461  48.0610 14.64671359 64187
LAPAN-TUBSAT            
1 29709U 07001A   26186.63752874  .00001290  00000+0  15410-3 0  9995
2 29709  98.1348 186.2782 0013354 121.7213 238.5305 14.85972709 53892
HAIYANG-1B              
1 31113U 07010A   26186.39395434  .00000131  00000+0  65401-4 0  9994
2 31113  98.3505 167.5338 0014207 142.9911 217.2255 14.31031710  3249
COSMO-SKYMED 1          
1 31598U 07023A   26186.58150485  .00002543  00000+0  22515-3 0  9998
2 31598  97.8851  18.5928 0001077  84.4412 275.6932 14.97191220 32541
TERRASAR-X              
1 31698U 07026A   26186.50311138  .00000558  00000+0  29782-4 0  9996
2 31698  97.4451 193.9490 0001828  87.3608 272.7836 15.19151661 56007
WORLDVIEW-1 (WV-1)      
1 32060U 07041A   26186.40960687  .00009238  00000+0  37871-3 0  9996
2 32060  97.3895 305.8954 0000923 277.7721  82.3412 15.24481510 45656
YAOGAN-3                
1 32289U 07055A   26186.58501227  .00004646  00000+0  47716-3 0  9991
2 32289  97.8145 216.2817 0001763  80.0048 280.1369 14.90862072  8617
COSMO-SKYMED 2          
1 32376U 07059A   26186.65891502  .00000425  00000+0  59964-4 0  9998
2 32376  97.8891   9.9892 0001349  91.3188 268.8180 14.82161220  4744
RADARSAT-2              
1 32382U 07061A   26186.58009354  .00000006  00000+0  19307-4 0  9998
2 32382  98.5778 193.2499 0001303  84.7171 275.4160 14.29981359968588
CARTOSAT-2A             
1 32783U 08021A   26186.58071064  .00001587  00000+0  21996-3 0  9998
2 32783  97.7617 234.6612 0013140  55.7757 304.4698 14.79270376981526
HUANJING 1A (HJ-1A)     
1 33320U 08041A   26186.64121778  .00001562  00000+0  19302-3 0  9994
2 33320  97.6692 171.7666 0020612  78.5954 281.7574 14.84031741961143
HUANJING 1B (HJ-1B)     
1 33321U 08041B   26186.61873878  .00001180  00000+0  14844-3 0  9999
2 33321  97.6530 174.8612 0037604 121.3533 239.1371 14.83352519961149
GEOEYE 1                
1 33331U 08042A   26186.32368784  .00000643  00000+0  12986-3 0  9992
2 33331  98.1331 260.0349 0004684  18.1356 342.0013 14.64644273952808
THEOS                   
1 33396U 08049A   26186.63963295  .00000490  00000+0  24960-3 0  9997
2 33396  98.5556 243.3237 0001118  84.9495 275.1809 14.20137335920583
COSMO-SKYMED 3          
1 33412U 08054A   26186.60188826  .00003598  00000+0  24360-3 0  9994
2 33412  97.8266  45.4767 0014986 198.2043 161.8650 15.07077059959710
YAOGAN-4                
1 33446U 08061A   26186.31440065  .00001414  00000+0  17936-3 0  9999
2 33446  97.9306 119.6913 0014708  17.6419 342.5303 14.83239115948350
GOSAT (IBUKI)           
1 33492U 09002A   26185.86571892  .00000182  00000+0  40518-4 0  9992
2 33492  98.0908 296.7269 0001144  80.0109 280.1224 14.67539504934050
DEIMOS-1                
1 35681U 09041A   26186.56737679  .00000601  00000+0  95915-4 0  9999
2 35681  97.7427 342.9998 0002542 105.5440 254.6050 14.75257187909598
DUBAISAT-1              
1 35682U 09041B   26186.33567346  .00001224  00000+0  18869-3 0  9991
2 35682  98.0074 319.3968 0010698  20.1727 339.9903 14.75156554907775
OCEANSAT-2              
1 35931U 09051A   26186.57144956 -.00000207  00000+0 -11572-3 0  9999
2 35931  98.2318 171.5877 0016687 181.4669 178.6452 13.99658169881909
WORLDVIEW-2 (WV-2)      
1 35946U 09055A   26186.39531579  .00000187  00000+0  76319-4 0  9996
2 35946  98.4760 259.5965 0004848 154.2669 205.8760 14.37905255878261
SMOS                    
1 36036U 09059A   26186.46681370  .00000348  00000+0  12501-3 0  9995
2 36036  98.4427  13.5340 0001301  87.0614 273.0723 14.39783269876086
YAOGAN-7                
1 36110U 09069A   26186.23212030  .00000714  00000+0  10575-3 0  9993
2 36110  98.0048  71.9860 0024218 344.4635  15.5829 14.78029623892291
TANDEM-X                
1 36605U 10030A   26186.50311000  .00000494  00000+0  26699-4 0  9999
2 36605  97.4456 193.9495 0001792  97.5745 262.5693 15.19152794889421
CARTOSAT-2B             
1 36795U 10035A   26186.61068383  .00000710  00000+0  10406-3 0  9998
2 36795  97.9937 237.0425 0012241 126.8528 233.3808 14.78608671862574
YAOGAN-10               
1 36834U 10038A   26186.62386457  .00003582  00000+0  42203-3 0  9991
2 36834  97.8965 209.8813 0001570  84.8718  67.0672 14.85410212859941
COSMO-SKYMED 4          
1 37216U 10060A   26186.67158374  .00001001  00000+0  13228-3 0  9990
2 37216  97.8891  10.0031 0001484  86.4517 273.6866 14.82162322847307
RESOURCESAT-2           
1 37387U 11015A   26186.38855273  .00000138  00000+0  83183-4 0  9998
2 37387  98.7636 253.7040 0011006 199.1708 160.9057 14.21604661788768
HAIYANG-2A              
1 37781U 11043A   26186.60573439  .00000109  00000+0  16287-3 0  9991
2 37781  99.3397 188.8657 0004156  55.8659 304.2884 13.73781198749181
RASAT                   
1 37791U 11044D   26186.58843958  .00001244  00000+0  22394-3 0  9993
2 37791  98.0579 277.7051 0021540 131.3950 341.6801 14.68187707795889
SRMSAT                  
1 37841U 11058D   26186.61154329  .00000404  00000+0  75655-4 0  9991
2 37841  19.9728 307.9551 0011862  46.8223  73.4725 14.11579637760425
PLEIADES 1A             
1 38012U 11076F   26186.66701081  .00000604  00000+0  13984-3 0  9998
2 38012  98.1969 261.5216 0001771  84.8047  75.4487 14.58543896774688
ZIYUAN 1-02C (ZY 1-02C) 
1 38038U 11079A   26186.66827216  .00000863  00000+0  29800-3 0  9999
2 38038  98.4060 253.5904 0005163 248.8804 262.8939 14.38231642761869
ARIRANG-3 (KOMPSAT-3)   
1 38338U 12025B   26186.57729862  .00000477  00000+0  10398-3 0  9995
2 38338  98.1179 143.7208 0006675  63.5647 296.6238 14.62223079754033
EXACTVIEW-1 (ADS-1B)    
1 38709U 12039C   26186.28620922  .00000166  00000+0  90688-4 0  9993
2 38709  98.9797 304.0869 0011864 117.4533 242.7854 14.24990300725280
SPOT 6                  
1 38755U 12047A   26186.65182019  .00000914  00000+0  20663-3 0  9990
2 38755  98.2107 253.7444 0001201  76.8411 283.2922 14.58536417735745
PLEIADES 1B             
1 39019U 12068A   26186.60185028  .00000840  00000+0  19036-3 0  9995
2 39019  98.1939 261.4002 0001678  81.7729 278.3660 14.58574154723530
GOKTURK 2               
1 39030U 12073A   26186.59363712  .00000921  00000+0  14214-3 0  9993
2 39030  97.6811  23.1014 0000956  70.2083 289.9230 14.75563366727229
LANDSAT 8               
1 39084U 13008A   26186.35963828  .00000465  00000+0  11340-3 0  9999
2 39084  98.2294 256.2785 0001354  93.9663 266.1690 14.57107787700547
SARAL                   
1 39086U 13009A   26186.47611834 -.00000047  00000+0 -12981-5 0  9994
2 39086  98.5554  12.8120 0001086 195.8191 164.2959 14.32893598698222
GAOFEN-1                
1 39150U 13018A   26186.63129307  .00001427  00000+0  21163-3 0  9994
2 39150  97.9085 258.3244 0016215 202.5183 157.5317 14.76513332710969
VNREDSAT 1              
1 39160U 13021B   26186.60011655  .00001205  00000+0  23397-3 0  9997
2 39160  97.9064 239.3094 0001696  81.6263 278.5133 14.64878938702987
ARIRANG-5 (KOMPSAT-5)   
1 39227U 13042A   26186.58888475  .00002189  00000+0  16043-3 0  9995
2 39227  97.6211  13.0295 0005335  78.4190 281.7635 15.04555728706621
SKYSAT-A                
1 39418U 13066C   26186.11375971  .00004253  00000+0  24293-3 0  9994
2 39418  97.3796 234.9399 0019751 250.3908 109.5192 15.13077671691198
DUBAISAT-2              
1 39419U 13066D   26186.62250962  .00003998  00000+0  24744-3 0  9999
2 39419  97.4579 176.2849 0010204 340.4425  19.6412 15.10327575689175
GPM-CORE                
1 39574U 14009C   26186.33664645  .00014766  00000+0  31581-3 0  9996
2 39574  64.9704 247.3265 0011193 258.7739 101.2144 15.44964522700614
SENTINEL-1A             
1 39634U 14016A   26186.60748097 -.00000116  00000+0 -15000-4 0  9990
2 39634  98.1779 193.8713 0001368  85.1479 274.9877 14.59199489652705
KAZEOSAT 1              
1 39731U 14024A   26186.61678925  .00000440  00000+0  14698-3 0  9999
2 39731  98.3196 258.6060 0001317  80.7374 279.3965 14.42035594641211
ALOS-2                  
1 39766U 14029A   26186.06187343  .00000552  00000+0  80746-4 0  9992
2 39766  97.9228 282.9699 0001666  89.5658 270.5745 14.79477316654223
KAZEOSAT 2              
1 40010U 14033A   26186.61928257  .00000325  00000+0  43461-4 0  9990
2 40010  97.5395  25.2561 0007065 257.9340 102.1084 14.85490550651698
HODOYOSHI-4             
1 40011U 14033B   26186.65933975  .00001894  00000+0  21033-3 0  9990
2 40011  97.5454  10.5901 0022173 243.0017 116.8936 14.88172351651556
DEIMOS-2                
1 40013U 14033D   26186.60464869  .00003904  00000+0  37338-3 0  9997
2 40013  97.5801  60.4440 0001110  85.6235 274.5112 14.93783335640479
HODOYOSHI-3             
1 40015U 14033F   26186.03620597  .00001276  00000+0  15300-3 0  9993
2 40015  97.6436 348.3602 0031457 297.0004  62.8001 14.85424745650276
SPOT 7                  
1 40053U 14034A   26186.60503013  .00000803  00000+0  17300-3 0  9999
2 40053  98.0615 248.6220 0001491  96.9514 263.1857 14.60976237639821
SKYSAT-B                
1 40072U 14037D   26185.87723848  .00001730  00000+0  19485-3 0  9997
2 40072  98.3847 145.8518 0004728 208.3182 151.7776 14.88075391648593
WORLDVIEW-3 (WV-3)      
1 40115U 14048A   26186.42725920  .00001170  00000+0  14322-3 0  9995
2 40115  97.8560 261.0080 0000508 167.0322 193.0906 14.85054576644613
GAOFEN-2                
1 40118U 14049A   26186.62220696  .00001595  00000+0  21313-3 0  9990
2 40118  98.0096 250.8117 0007497 162.5796 197.5675 14.80923338641962
YAOGAN-21               
1 40143U 14053A   26186.64810618  .00012453  00000+0  47642-3 0  9992
2 40143  97.1459 226.0931 0008765  39.0467 321.1404 15.26672719657770
YAOGAN-22               
1 40275U 14063A   26186.36188891 -.00000015  00000+0  83731-4 0  9991
2 40275 100.7749 337.9386 0006712 145.8091 214.3453 13.15531440562205
ASNARO                  
1 40298U 14070A   26186.59740152  .00016561  00000+0  77625-3 0  9999
2 40298  97.3445 262.2159 0006778 113.1148 247.0802 15.19740593646802
YAOGAN-24               
1 40310U 14072A   26186.65502865  .00000783  00000+0  12101-3 0  9997
2 40310  98.1518 324.1498 0013817 200.6905 159.3746 14.76109553626443
CBERS 4                 
1 40336U 14079A   26186.64759924  .00000197  00000+0  83267-4 0  9992
2 40336  98.3516 242.8996 0001205  50.4760 309.6533 14.35514734606604
YAOGAN-26               
1 40362U 14088A   26186.62462479  .00013164  00000+0  25225-3 0  9992
2 40362  97.0645 186.4110 0003486  23.0954 337.0454 15.48136087640552
SMAP                    
1 40376U 15003A   26186.47303409  .00000569  00000+0  11922-3 0  9999
2 40376  98.1278 193.3086 0001517  98.0099 262.1275 14.63383753610292
KOMPSAT-3A              
1 40536U 15014A   26186.58851391  .00034117  00000+0  47371-3 0  9992
2 40536  97.6892 179.3081 0057025 109.3248 251.4184 15.54994163624673
SENTINEL-2A             
1 40697U 15028A   26186.60629553  .00000565  00000+0  23219-3 0  9996
2 40697  98.5677 261.1967 0001224  94.8488 265.2834 14.30822338576363
GAOFEN-8                
1 40701U 15030A   26186.59581965  .00034258  00000+0  68468-3 0  9998
2 40701  97.6900  21.0783 0009808 124.9081 235.3091 15.46683414614293
CARBONITE 1 (CBNT-1)    
1 40718U 15032D   26186.66229087  .00003523  00000+0  43221-3 0  9991
2 40718  97.6522   3.9560 0013158 229.9110 130.0951 14.83651306592088
YAOGAN-27               
1 40878U 15040A   26186.65365884 -.00000447  00000+0 -10665-2 0  9991
2 40878 100.1163 172.2356 0008236 166.5796 193.5539 13.16069036520092
GAOFEN-9 01             
1 40894U 15047A   26186.61874021  .00001142  00000+0  14603-3 0  9998
2 40894  97.6267 221.4754 0028848  80.3612 280.0859 14.82921761582928
YAOGAN-28               
1 41026U 15064A   26186.66478429  .00007892  00000+0  29388-3 0  9996
2 41026  97.3101 324.5547 0011915 122.5308 237.7085 15.27670518593500
YAOGAN-29               
1 41038U 15069A   26186.59650684  .00000637  00000+0  84812-4 0  9995
2 41038  98.0017 215.2579 0001533  26.7955 333.3338 14.83102379573357
KENT RIDGE 1            
1 41167U 15077B   26186.17142877  .00005171  00000+0  18027-3 0  9993
2 41167  14.9788 132.2238 0008162 133.4510 226.6491 15.23242474583845
GAOFEN-4                
1 41194U 15083A   26186.65968439 -.00000321  00000+0  00000+0 0  9994
2 41194   0.4025  83.8385 0004108 116.0145  66.9963  1.00272654 38713
JASON-3                 
1 41240U 16002A   26186.56587421 -.00000009  00000+0  20853-3 0  9991
2 41240  66.0418  87.1971 0008293 271.4107  88.5961 12.87628627489619
SENTINEL-3A             
1 41335U 16011A   26186.38020816  .00000159  00000+0  83580-4 0  9998
2 41335  98.6241 253.5019 0001424  93.3626 266.7718 14.26738070540658
ZIYUAN 3-02 (ZY 3-02)   
1 41556U 16033A   26186.60705344  .00006617  00000+0  29762-3 0  9994
2 41556  97.3826 262.0272 0013089 219.5576 140.4706 15.21368860560783
CARTOSAT-2C             
1 41599U 16040A   26186.63430935  .00010609  00000+0  50598-3 0  9990
2 41599  97.4469 246.3583 0010087  73.3027 286.9314 15.19222933556510
SKYSAT-C1               
1 41601U 16040C   26186.06138830  .00015073  00000+0  42330-3 0  9995
2 41601  96.9551 216.8145 0001497  20.1771 339.9533 15.36622026560611
LAPAN-A3                
1 41603U 16040E   26186.66172124  .00004577  00000+0  14475-3 0  9993
2 41603  97.1498 182.2020 0008643 317.4246  42.6326 15.33233837557645
GAOFEN-3                
1 41727U 16049A   26186.60789543  .00000100  00000+0  43377-4 0  9994
2 41727  98.4011 194.1158 0001705  90.8434 269.2952 14.42218128521305
SKYSAT-C4               
1 41771U 16058B   26186.35725021  .00024696  00000+0  45403-3 0  9993
2 41771  96.9168 207.3742 0002958 134.2075 225.9421 15.49197861548285
SKYSAT-C5               
1 41772U 16058C   26186.10091346  .00012733  00000+0  38008-3 0  9995
2 41772  97.0455 225.9434 0002214 182.6426 177.4806 15.34742244546497
SKYSAT-C2               
1 41773U 16058D   26186.49120478  .00016348  00000+0  37853-3 0  9990
2 41773  97.0162 207.9008 0002716  27.4889 332.6502 15.42514446547877
SKYSAT-C3               
1 41774U 16058E   26186.31482106  .00035230  00000+0  55736-3 0  9992
2 41774  96.8997 216.4719 0001758 134.8464 225.2934 15.53370393548928
ALSAT-1B                
1 41785U 16059C   26186.59021547  .00000681  00000+0  11523-3 0  9991
2 41785  97.7749 194.5598 0009584 158.1834 201.9784 14.72289837523289
PATHFINDER 1            
1 41787U 16059E   26185.99876153  .00000867  00000+0  15958-3 0  9999
2 41787  97.8170 184.4713 0029234 146.9941 213.3097 14.67685471522321
SCATSAT 1               
1 41790U 16059H   26186.13511589  .00001843  00000+0  24750-3 0  9994
2 41790  98.1181 250.0859 0054444 188.8311 171.1947 14.79571066104248
GOKTURK 1A              
1 41875U 16073A   26186.64633346  .00000346  00000+0  76989-4 0  9995
2 41875  98.1224  81.0294 0001374  79.6332 280.5024 14.62788188511520
RESOURCESAT-2A          
1 41877U 16074A   26186.65173737  .00000239  00000+0  12896-3 0  9999
2 41877  98.7519 260.0052 0002936  47.8140 312.3286 14.21607473496927
CARTOSAT-2D             
1 41948U 17008A   26186.66618208  .00007856  00000+0  37581-3 0  9994
2 41948  97.4088 245.6267 0005061 166.2831 193.8543 15.19238855520383
SENTINEL-2B             
1 42063U 17013A   26186.59909387  .00000398  00000+0  16830-3 0  9990
2 42063  98.5684 261.1137 0001207  88.3280 271.8041 14.30814246487271
CARTOSAT-2E             
1 42767U 17036C   26186.61796265  .00004693  00000+0  22543-3 0  9998
2 42767  97.4261 246.1164 0002771 220.7963 139.3065 15.19316857500948
FORMOSAT-5              
1 42920U 17049A   26186.32813485  .00000242  00000+0  72423-4 0  9994
2 42920  98.2249 261.2346 0011991  33.3060 326.8887 14.50906012469305
SENTINEL-5P             
1 42969U 17064A   26186.24627885  .00000085  00000+0  61548-4 0  9993
2 42969  98.7928 128.2493 0001092  91.9720 268.1581 14.19522229452126
SKYSAT-C11              
1 42987U 17068A   26186.35790816  .00038861  00000+0  50125-3 0  9995
2 42987  97.4369 335.9940 0000445 164.4423 195.6847 15.58907151486077
SKYSAT-C10              
1 42988U 17068B   26186.35214196  .00015835  00000+0  46873-3 0  9999
2 42988  97.4530 323.3818 0001280 108.4758 251.6624 15.34973806485147
SKYSAT-C9               
1 42989U 17068C   26186.34671780  .00019723  00000+0  46293-3 0  9991
2 42989  97.4452 324.4862 0009276  76.0472 284.1806 15.42037710485550
SKYSAT-C8               
1 42990U 17068D   26186.29563034  .00015595  00000+0  42793-3 0  9993
2 42990  97.4548 323.1943 0001213  95.8413 264.2969 15.37350391485096
SKYSAT-C7               
1 42991U 17068E   26186.35489961  .00015369  00000+0  42213-3 0  9993
2 42991  97.4560 324.2451 0006539  52.9349 307.2493 15.37304786485160
SKYSAT-C6               
1 42992U 17068F   26186.34404212  .00014354  00000+0  43423-3 0  9996
2 42992  97.4595 324.1316 0005198 102.0763 258.1062 15.34296872485108
CARTOSAT-2F             
1 43111U 18004A   26186.65056002  .00007889  00000+0  37771-3 0  9999
2 43111  97.4768 246.1050 0001849 156.2377 203.8944 15.19223604470132
GAOFEN-1 02             
1 43259U 18031A   26186.59675286  .00001327  00000+0  19814-3 0  9995
2 43259  98.0513 249.0719 0002049 336.5255  23.5861 14.76463888445415
GAOFEN-1 03             
1 43260U 18031B   26186.64256096  .00000826  00000+0  12608-3 0  9994
2 43260  98.0509 248.9737 0003136  40.0267 320.1173 14.76453185445419
GAOFEN-1 04             
1 43262U 18031D   26186.61831759  .00001711  00000+0  25327-3 0  9994
2 43262  98.0514 249.1429 0001714  60.7325 299.4055 14.76464788445409
SENTINEL-3B             
1 43437U 18039A   26186.21308141  .00000164  00000+0  85603-4 0  9991
2 43437  98.6240 253.4861 0000921 117.0798 243.0476 14.26740289426692
GAOFEN-5 01             
1 43461U 18043A   26185.94149413  .00000459  00000+0  10456-3 0  9997
2 43461  98.4581 157.9016 0002613  51.4428 308.7005 14.60618641434281
GAOFEN-6                
1 43484U 18048A   26186.77585969 -.00000017  00000+0  50539-5 0  9998
2 43484  98.0964 249.4556 0012061 109.1890 251.0626 14.76374832436138
GAOFEN-11 01            
1 43585U 18063A   26186.63568654  .00010503  00000+0  15326-3 0  9997
2 43585  97.1275 253.4684 0002218 247.0160 113.0861 15.55852104443213
ICESAT-2                
1 43613U 18070A   26186.35830301  .00014636  00000+0  53178-3 0  9995
2 43613  92.0089 295.8894 0006062  85.7414 274.4528 15.28226862435236
HYSIS                   
1 43719U 18096A   26186.61795943  .00002259  00000+0  31537-3 0  9994
2 43719  97.9827 253.2211 0001886  88.3282 271.8145 14.78659668410146
KAZSTSAT                
1 43783U 18099AB  26186.04331779  .00002286  00000+0  18854-3 0  9995
2 43783  97.4307 217.1642 0008126  18.2176 341.9338 14.99934324413986
SAUDISAT 5A             
1 43831U 18102A   26186.63054578  .00006659  00000+0  24417-3 0  9998
2 43831  97.3053 247.8573 0011087  73.3327 286.9129 15.28251380418494
SAUDISAT 5B             
1 43833U 18102C   26186.64634846  .00006465  00000+0  23530-3 0  9993
2 43833  97.3161 250.9759 0011840  74.9162 285.3387 15.28498249418618
GAOFEN-10R              
1 44622U 19066A   26186.64064066  .00001288  00000+0  16500-3 0  9998
2 44622  98.0505 140.3546 0007176  77.6549 282.5467 14.83042288365119
CARTOSAT-3              
1 44804U 19081A   26186.59914683  .00008072  00000+0  38485-3 0  9994
2 44804  97.4286 248.1700 0013439  90.4786 269.7989 15.19281785366264
GAOFEN-12 01            
1 44819U 19082A   26186.59871359  .00000420  00000+0  61495-4 0  9990
2 44819  97.8104 192.4923 0001475  53.7141 306.4208 14.80474120356812
CSG-1                   
1 44873U 19092A   26186.61674072  .00000340  00000+0  49274-4 0  9999
2 44873  97.8893   9.9526 0001488  90.8141 269.3242 14.82145675354202
NEMO-HD                 
1 46277U 20061F   26186.59117066  .00012773  00000+0  27273-3 0  9996
2 46277  97.1905 248.3615 0001303  75.3567 284.7827 15.44990897324821
SENTINEL-6A             
1 46984U 20086A   26186.12102495 -.00000034  00000+0  11644-3 0  9990
2 46984  66.0415  97.8050 0007834 270.0452  89.9666 12.80930091262621
CAS500-1                
1 47932U 21022A   26186.62554391  .00007164  00000+0  33375-3 0  9991
2 47932  97.3874  81.5037 0003864 207.4496 152.6536 15.20195501293564
GAOFEN-12 02            
1 48079U 21026A   26186.61175294  .00000398  00000+0  59203-4 0  9999
2 48079  97.9928 184.7174 0005177 158.3780 201.7652 14.80310907284480
PLEIADES NEO 3          
1 48268U 21034A   26186.62198091  .00000214  00000+0  33853-4 0  9999
2 48268  97.8933 261.1234 0001331  91.7672 268.3694 14.81673458280384
PLEIADES NEO 4          
1 49070U 21073E   26186.65573703  .00000324  00000+0  47801-4 0  9994
2 49070  97.8940 261.1531 0001300  99.0970 261.0390 14.81675740264103
LANDSAT 9               
1 49260U 21088A   26186.18804201  .00000486  00000+0  11792-3 0  9997
2 49260  98.2273 256.1471 0001170  88.5749 271.5583 14.57110712253628
CSG-2                   
1 51444U 22008A   26186.65047216  .00000196  00000+0  31151-4 0  9994
2 51444  97.8889   9.9799 0001529  84.6748 275.4640 14.82156516239322
GAOFEN-12 03            
1 52912U 22069A   26186.64487378  .00001139  00000+0  15706-3 0  9993
2 52912  97.8252  74.0477 0002439  83.9758 276.1732 14.80064934217345
SWOT                    
1 54754U 22173A   26186.49490156  .00000050  00000+0  35365-4 0  9991
2 54754  77.6102  10.5939 0000308  79.6120 280.5066 14.00171772181718
GAOFEN-12 04            
1 57654U 23123A   26186.59502594  .00001082  00000+0  15067-3 0  9992
2 57654  97.9110 104.3403 0003885  69.7085 290.4544 14.79762603155352
PARS 1                  
1 59065U 24039Q   26186.63278799  .00012895  00000+0  26436-3 0  9995
2 59065  97.4836 168.1389 0010863  57.5192 302.7106 15.46136025131497
RESURS-P 4              
1 59371U 24061A   26186.61491480  .00003469  00000+0  11391-3 0  9993
2 59371  97.2758 134.1940 0003168 103.7336 256.4259 15.32240301126584
LEGION 1                
1 59625U 24081A   26186.36967819  .00006303  00000+0  32396-3 0  9991
2 59625  97.5007 264.0336 0007966 310.4450  49.6087 15.16799171120291
LEGION 2                
1 59626U 24081B   26186.33394781  .00005535  00000+0  28500-3 0  9999
2 59626  97.5008 264.0954 0009826 272.6886  87.3222 15.16777676120294
ALOS-4 (DAICHI-4)       
1 60182U 24123A   26186.62229325  .00001800  00000+0  24777-3 0  9991
2 60182  97.9217 283.5338 0001606  97.4497 262.6897 14.79475898108606
LEGION 3                
1 60452U 24146A   26186.31816957  .00005718  00000+0  30915-3 0  9998
2 60452  45.0021 293.3280 0008893 282.8359  77.1525 15.15613010104772
LEGION 4                
1 60453U 24146B   26186.58327968  .00005592  00000+0  29767-3 0  9990
2 60453  45.0021  23.7952 0011631  51.9024 308.2902 15.16188757103662
SENTINEL-2C             
1 60989U 24157A   26186.21449580  .00000181  00000+0  85755-4 0  9990
2 60989  98.5686 260.7412 0000936  94.1003 266.0286 14.30813996 95562
IONOSFERA-M 1           
1 61735U 24199A   26186.40818662  .00000075  00000+0  52969-4 0  9991
2 61735  98.7149  59.3861 0002218  86.1314 274.0117 14.22757891130293
IONOSFERA-M 2           
1 61736U 24199B   26186.58308929  .00000070  00000+0  50659-4 0  9990
2 61736  98.7148  59.4696 0000342  69.5972 290.5243 14.22761205133448
PRSC-EO1                
1 62725U 25012A   26186.65284045  .00007851  00000+0  39247-3 0  9997
2 62725  97.4214 258.7516 0006077 178.4112 181.7142 15.17698729 80994
BIOMASS                 
1 63772U 25090A   26186.44541353  .00001478  00000+0  26916-3 0  9999
2 63772  98.0745  13.4927 0001453  87.9282 272.2089 14.67535846 63362
GOSAT-GW (IBUKI GW)     
1 64694U 25141A   26186.59914272  .00001224  00000+0  22422-3 0  9997
2 64694  98.0567 123.6171 0001415  83.6241 276.5125 14.67552418 54541
IONOSFERA-M 3           
1 64876U 25155A   26186.61726340  .00000053  00000+0  43825-4 0  9994
2 64876  98.6034 148.0591 0001962 126.9262 233.2095 14.21489605 49026
IONOSFERA-M 4           
1 64877U 25155B   26186.65207367  .00000057  00000+0  45699-4 0  9997
2 64877  98.6040 148.0102 0001634 108.6760 251.4595 14.21492013 49022
MICROCARB               
1 64899U 25156A   26186.15637530  .00000778  00000+0  12905-3 0  9999
2 64899  98.0076 262.9993 0016836 203.0357 157.0098 14.72877977 50613
CO3D 3                  
1 64900U 25156B   26186.35472521  .00007331  00000+0  34142-3 0  9990
2 64900  97.4326 264.7864 0001846 104.7436 255.4004 15.20202387 52291
CO3D 4                  
1 64901U 25156C   26186.35487458  .00002104  00000+0  10031-3 0  9990
2 64901  97.4332 264.7865 0000910 171.6356 188.4895 15.20190723 52298
CO3D 2                  
1 64902U 25156D   26186.38735118  .00006816  00000+0  31755-3 0  9993
2 64902  97.4326 264.7177 0001433  92.8171 267.3228 15.20215305 52299
CO3D 1                  
1 64903U 25156E   26186.38750659  .00006785  00000+0  31631-3 0  9999
2 64903  97.4331 264.7187 0001313 100.0164 260.1219 15.20194743 52291
PRSC-S1                 
1 65055U 25164A   26186.49485735  .00003961  00000+0  27448-3 0  9993
2 65055  41.1290 184.6919 0005220 127.9724 232.1562 15.06586363 51199
SENTINEL-6B             
1 66514U 25264A   26186.12137286 -.00000032  00000+0  12398-3 0  9995
2 66514  66.0414  97.9303 0007904 268.8997  91.1113 12.80930110 29467
CAS500-3                
1 66655U 25274F   26186.30018377  .00001750  00000+0  19472-3 0  9998
2 66655  97.7440 113.9393 0006787  64.0265 296.1650 14.88368680 32849
CSG-3                   
1 67304U 26001A   26186.49437512  .00000587  00000+0  80255-4 0  9990
2 67304  97.8892   9.8313 0001432  91.4874 268.6503 14.82148233 27175
PRSC-E03                
1 68835U 26092A   26186.61222859  .00003527  00000+0  23957-3 0  9992
2 68835  38.0023 341.0252 0003866 189.0498 171.0195 15.06775089 10730
CAS500-2                
1 69013U 26100AK  26186.44499115  .00009174  00000+0  41839-3 0  9996
2 69013  97.3878  83.9579 0008543 332.1140  27.9637 15.20822145  9584
